1 455.198840
5 455.083338
10 452.211657
13 449.499239
14 449.015210
15 443.818662
16 440.386481
21 438.031351
25 437.618336
26 436.239278
27 435.119216
28 434.105863
30 425.274833
31 418.786691
37 416.958863
40 414.526595
41 414.067134
44 410.270627
45 407.815977
46 407.271408
47 402.450764
49 401.101320
50 393.112135
57 387.062926
58 374.268830
76 373.721033
77 372.814757
78 371.334890
80 370.834121
82 370.097056
83 364.727572
89 364.413410
93 360.952696
97 358.883387
98 358.648333
101 357.776572
103 356.753388
107 356.315816
110 350.698885
118 347.978310
128 346.989612
130 343.512039
145 342.460864
148 339.732324
149 339.055945
151 338.710040
154 337.347053
158 335.126772
161 332.330021
167 330.057885
169 329.614155
170 328.998037
174 328.640909
176 327.625591
181 326.519107
182 326.019837
183 325.666387
184 325.137147
185 320.947372
188 320.610917
190 317.974713
200 316.469809
209 316.002302
212 310.501545
221 309.893333
226 307.146357
229 304.527128
236 303.788297
240 300.260188
256 299.885209
260 297.905950
261 297.150186
267 295.028120
268 294.154402
269 292.402486
273 290.481412
285 288.197451
288 287.048542
291 285.413755
293 284.183259
300 283.997239
304 283.116234
318 282.723987
322 281.889511
328 279.764321
333 278.901809
342 273.758845
351 272.954524
352 271.638784
364 267.956973
370 266.955098
380 265.476507
383 265.425212
387 264.703162
396 261.753143
416 261.580056
422 260.683184
441 260.183129
444 258.675673
452 257.519505
453 254.607130
459 253.070084
492 252.845051
495 252.777565
498 251.706048
499 250.163628
501 249.787129
508 249.246390
512 248.936226
515 248.818563
516 248.425285
519 248.108581
531 247.167885
537 240.486767
558 237.161301
581 235.511434
587 233.206720
624 232.250713
628 229.729994
633 229.532161
652 227.462838
676 225.596656
731 223.948612
750 222.393679
775 221.932400
780 221.475359
784 221.278278
786 220.984295
797 220.370716
799 220.216730
804 220.194561
812 220.038585
813 218.825077
821 217.557273
839 216.323280
844 215.557273
848 215.046115
855 214.687286
863 214.104661
879 211.564180
920 210.291478
926 210.238575
927 209.857427
930 208.942882
932 206.928465
942 206.063105
943 203.310689
950 202.932358
953 201.553330
973 201.220261
1004 199.174749
1030 197.984193
1074 197.381955
1087 193.630577
1159 193.275539
1167 193.262109
1172 192.946945
1177 192.393775
1183 192.296664
1184 191.453685
1203 189.573954
1264 189.059333
1265 187.573954
1284 186.311424
1290 179.981595
1419 179.805152
1443 178.745527
1494 178.298308
1496 177.573954
1525 177.571807
1545 176.855441
1558 175.839991
1590 175.571807
1620 174.069487
1642 172.920134
1649 172.722600
1666 172.276325
1676 170.580578
1703 169.008461
1740 166.893807
1778 166.830316
1793 166.791263
1825 166.308021
1828 164.524690
1838 164.486167
1870 164.251149
1885 164.214772
1938 163.244576
2002 162.154325
2006 161.363061
2042 161.325897
2059 160.009811
2073 159.528785
2089 159.484278
2103 157.706930
2155 156.948836
2187 156.923233
2256 156.120409
2315 155.549238
2329 154.619948
2365 154.513947
2400 153.671091
2418 153.637053
2420 151.198955
2619 150.439277
2661 150.243572
2672 149.293358
2729 148.987880
2743 148.885717
2750 148.594625
2803 147.438056
2815 146.971965
2824 145.864774
2916 144.455099
2948 143.392638
3037 142.455099
3062 141.865999
3133 141.040885
3248 140.946362
3266 140.305655
3306 139.310241
3316 138.891442
3427 138.314951
3443 138.001402
3565 136.900737
3642 136.587189
3715 136.425925
3761 136.176665
3789 135.976767
3810 135.189857
3863 134.562554
4014 133.351121
4065 132.241160
4226 132.141767
4269 131.775644
4299 130.393703
4621 130.345516
4638 129.157635
4650 128.940597
4691 128.749994
4830 128.428601
4864 128.102875
5024 126.519811
5245 125.733589
5378 125.408883
5537 125.357533
5562 125.325949
5573 124.885397
5662 124.121465
5862 123.994669
5875 123.769024
5883 123.241689
6050 122.707252
6128 122.606747
6145 120.591407
6552 120.515961
6576 120.056970
6634 119.865679
6669 118.642757
7073 118.056970
7338 118.043825
7373 117.814330
7415 116.807757
7419 116.642757
7464 116.157475
7795 115.979330
7898 115.814330
8129 115.150903
8194 114.743262
8534 114.578262
8597 114.157475
8776 112.999048
8929 112.400116
9085 111.762980
9274 111.277699
9814 111.177193
9874 110.756407
9964 110.348766
10521 110.271126
10644 109.863485
11228 109.520339
11563 109.442699
11764 108.691912
12546 107.863485
12625 107.455844
15081 107.378204
15919 106.627417
16858 106.614272
17226 105.798990
21788 105.785844
23220 105.378204
24810 104.970563
35877 104.142136
